 0.6122647524
 0.5799798965
 0.4237048626
 0.3547355831
 0.2856739461
 0.1211932376
 0.1680319309
 0.2096351832
 0.2551221550
 0.1852952093
 0.1077747047
 0.0769977793
 0.0833014250
 0.0810915530
 0.1550651640
 0.4852520227
 0.5284554958
 0.5025023818
 0.2709890306
 0.2694376409
 0.1885712594
 0.1025752127
 0.0931228250
 0.0922475308
 0.0785710290
 0.0685879290
 0.0524445586
 0.0546284206
 0.0691983774
 0.0685759261
 0.4499452114
 0.4055196047
 0.3073080480
 0.2708807588
 0.1959030926
 0.1458900273
 0.1073322967
 0.0897285640
 0.2032685578
 0.2517984211
 0.1814648509
 0.1098829359
 0.0761540458
 0.0599102117
 0.0588078089
 0.3933763206
 0.4119685292
 0.3232330084
 0.2788932025
 0.2081096917
 0.1595337689
 0.1151102409
 0.0917696282
 0.1677306294
 0.2623455524
 0.1976787001
 0.1176375523
 0.0765735060
 0.0626509264
 0.0583767407
 0.2613912523
 0.4805904925
 0.3407817185
 0.2953510284
 0.2155880183
 0.1667807847
 0.1234589145
 0.1010148674
 0.1499995887
 0.2489771247
 0.2203536928
 0.1257850528
 0.0816472992
 0.0666910037
 0.0564090572
 0.0694482177
 0.6136749387
 0.5743470788
 0.4272353649
 0.3527774215
 0.2878449857
 0.1208186597
 0.1682733595
 0.2293360680
 0.2874123156
 0.2290182263
 0.1453193724
 0.0997874290
 0.0700878203
 0.0568673946
 0.0669742525
 0.1320259124
 0.1486180425
 0.1028558761
 0.0901788995
 0.0740765631
 0.0749696419
 0.0677820221
 0.1841860265
 0.1871514320
 0.1326479018
 0.1006667092
 0.0720897764
 0.0549093597
 0.0463127866
 0.0421589576
 0.5703222156
 0.6971178055
 0.4882659316
 0.2947622836
 0.3742693067
 0.1372902095
 0.1213052571
 0.1879557818
 0.2417973727
 0.2508482635
 0.1190294996
 0.0733114704
 0.0814171433
 0.0828908607
 0.0915636867
 0.7202610373
 0.7644889951
 0.4640687406
 0.3293432891
 0.2470227927
 0.1819127351
 0.1233918816
 0.0963695571
 0.0772256628
 0.0735852718
 0.0685888976
 0.0614381917
 0.0465341173
 0.0485707000
 0.0417222604
 0.2592303157
 0.4860075712
 0.3491286039
 0.2932073772
 0.2197446376
 0.1660205126
 0.1240745708
 0.1005496159
 0.0760779083
 0.0738278702
 0.0700833946
 0.0594220273
 0.0521502607
 0.0494717360
 0.0409811325
 0.0542600676
 0.5062331557
 0.3819957376
 0.2884786129
 0.2372024506
 0.1772896945
 0.1295561641
 0.1006445885
 0.0887487084
 0.2663269341
 0.2207187712
 0.1324898154
 0.0951044858
 0.0689675584
 0.0556925423
 0.0664937571
 0.4861815572
 0.6663150191
 0.4384196997
 0.3318668902
 0.3364159465
 0.1234571859
 0.1555480659
 0.1687501371
 0.2743501067
 0.2093823701
 0.1145449355
 0.0768651739
 0.0807899609
 0.0838669613
 0.1215973794
 0.8447433114
 0.6539511085
 0.4413233399
 0.3257906139
 0.2172131836
 0.1666387916
 0.1152275279
 0.0934483856
 0.0752979070
 0.0770373791
 0.0643424764
 0.0594703145
 0.0490174331
 0.0433330163
 0.0429504067
 0.3874469697
 0.4467389882
 0.3252635002
 0.2781221867
 0.1808831841
 0.1477736235
 0.1179511175
 0.1133901700
 0.2201559395
 0.1719179302
 0.1258600205
 0.0904371664
 0.0742201954
 0.0716112629
 0.0611876883
 0.2386332154
 0.3127087951
 0.2068601996
 0.1356630027
 0.1065773815
 0.0839027762
 0.0702713653
 0.0708340779
 0.2184456736
 0.1616966277
 0.1265206039
 0.0839735940
 0.0643719062
 0.0526558533
 0.0439224392
 0.1777955741
 0.5718035102
 0.4207960069
 0.3098663986
 0.2469602972
 0.1800789684
 0.1343879551
 0.1025603190
 0.0806852728
 0.0740221068
 0.0682229623
 0.0591782853
 0.0553570427
 0.0474856123
 0.0427300446
 0.0460091755
 0.0714523196
